392034
392762
525914
231624
249248
468655
864785
360705
204741
360686
360645
433720
392025
338913
231625
183142
360649
360701
468653
231620
96890
392029
525906
667381
468668
10195
204736
204739
360682
468658
468650
317506
360684
360664
392023
468663
525915
360688
468659
525907
468667
468657
885372
563909
468660
468645
392026
338268
885374
360661
563912
360673
204740
433695
468649
885371
104778
104788
204742
360655
360704
338269
183141
468628
563910
392032
468654
360663
392027
468665
104786
468656
231622
96446
468652
392765
392030
360708
104777
563911
360695
195511
96448
754297
44582
468666
525905
160652
104782
433694
360691
525913
360693
468643
468661
360651
360681
392033
231616
392764
360706
392031
478557
338306
338910
392024
205101
468664
360677
563908
84397
433698
563907
360690
475967
392028
408863
360666
360683
360659
491807
338271
468651
392763
360698
